$ 1 0.000005 10.20027730826997 50 5 43 5e-11
f 416 112 464 112 33 4 0.02
w 464 128 464 144 0
w 464 96 464 80 0
w 464 80 464 32 0
r 464 192 464 224 0 1000
l 464 224 464 272 0 0.005 0.0598118694743548 0
g 464 272 464 304 0 0
v 512 80 512 32 0 0 40 60 0 0 0.5
w 512 32 464 32 0
g 512 80 512 96 0 0
w 416 112 400 112 0
w 464 32 336 32 0
w 336 112 288 112 0
w 336 32 288 32 0
r 288 112 288 32 0 10000
w 288 128 288 112 0
f 224 208 288 208 32 1.5 0.02
w 288 128 288 144 0
s 224 208 224 96 0 0 false
v 176 144 176 96 0 0 40 5 0 0 0.5
w 224 96 176 96 0
g 176 144 176 160 0 0
g 288 224 288 240 0 0
r 288 144 288 192 0 20000
r 224 208 224 240 0 1000
g 224 240 224 256 0 0
w 400 112 336 112 0
d 544 240 544 128 2 default
g 544 240 544 256 0 0
370 464 144 464 192 1 0 0
w 544 128 464 128 0
o 27 64 0 4099 80 0.00009765625 0 2 27 3
