$ 1 0.000005 10.20027730826997 50 5 43 5e-11
r -32 64 48 64 0 81.84
r -32 64 -32 128 0 586.72
r 48 64 48 128 0 267.31
r 400 64 400 128 0 586.72
r 320 64 320 128 0 267.31
r 320 64 400 64 0 81.84
w 288 64 320 64 0
w 400 64 448 64 0
w 400 128 448 128 0
w 400 128 320 128 0
171 96 128 288 128 0 0.005 100 16 0
w 96 64 96 80 0
w 288 64 288 80 0
w -80 64 -32 64 0
w -80 128 -112 128 0
w -80 64 -112 64 0
g 448 128 448 144 0 0
w 96 64 48 64 0
w 448 64 480 64 0
w 448 128 480 128 0
216 496 64 496 128 0 0.01
w -32 128 -80 128 0
w -32 128 48 128 0
w 288 80 288 128 0
w 96 80 96 128 0
g 96 144 96 176 0 0
g 288 144 288 176 0 0
216 -144 64 -144 128 0 0.01
w -112 64 -144 64 0
w -112 128 -144 128 0
w 496 64 480 64 0
w 496 128 480 128 0
r -80 64 -80 128 0 270
r 448 64 448 128 0 270
